% theta | theta_dot | control_action

-1.570796 0.100000 5.000000
-1.564396 0.419360 5.000000
-1.557996 0.738720 5.000000
-1.551596 1.058080 5.000000
-1.545196 1.377440 5.000000
-1.469118 1.870647 5.000000
-1.504860 1.787135 5.000000
-1.538796 1.696800 5.000000
-1.308852 2.101913 5.000000
-1.349831 2.048969 5.000000
-1.389597 1.988266 5.000000
-1.040149 2.556863 5.000000
-1.091197 2.552407 3.947400
-0.897419 2.329551 -5.000000
-0.948398 2.548914 5.000000
-0.755067 2.464657 3.947400
-0.805598 2.526527 5.000000
-0.612663 2.447238 5.000000
-0.662798 2.506753 5.000000
-0.470199 2.414922 5.000000
-0.519999 2.489994 5.000000
-0.327667 2.389418 5.000000
-0.377199 2.476592 5.000000
-0.186116 2.318719 5.000000
-0.234399 2.414187 2.368400
-0.042382 2.360775 5.000000
-0.091600 2.460875 5.000000
0.100378 2.358219 5.000000
0.051200 2.458880 5.000000
1.379752 0.293489 1.315800
1.373628 0.306180 0.263200
1.366802 0.341305 2.368400
1.360090 0.335602 2.368400
1.353467 0.331158 3.947400
1.347543 0.296198 1.315800
1.341241 0.315111 2.894700
1.335169 0.303581 2.894700
1.329306 0.293146 0.789500
1.322784 0.326122 1.842100
1.315996 0.339361 1.842100
1.308917 0.353971 5.000000
1.302787 0.306487 5.000000
1.297590 0.259891 5.000000
1.293309 0.214011 5.000000
1.289936 0.168677 5.000000
1.287461 0.123718 5.000000
1.285882 0.078966 5.000000
1.526075 0.507019 -0.789500
1.515380 0.534735 -0.789500
1.504086 0.564720 -1.842100
1.491720 0.618281 0.263200
1.479076 0.632233 5.000000
1.468007 0.553452 5.000000
1.458479 0.476372 1.315800
1.448983 0.474822 5.000000
1.440963 0.401000 5.000000
1.434397 0.328308 1.842100
1.577196 0.219360 -5.000000
