-5.000000
-5.000000
-5.000000
-5.000000
-5.000000
-5.000000
-5.000000
-3.947400
-5.000000
-5.000000
-5.000000
-5.000000
-5.000000
-5.000000
-5.000000
-5.000000
-5.000000
-5.000000
-5.000000
-5.000000
-5.000000
-5.000000
-5.000000
-5.000000
-5.000000
-5.000000
-5.000000
-5.000000
-5.000000
-5.000000
-5.000000
5.000000
5.000000
5.000000
5.000000
5.000000
5.000000
-4.473700
5.000000
5.000000
5.000000
1.842100
3.421100
5.000000
5.000000
5.000000
5.000000
5.000000
5.000000
5.000000
3.421100
5.000000
5.000000
5.000000
5.000000
5.000000
5.000000
5.000000
5.000000
5.000000
5.000000
5.000000
5.000000
5.000000
5.000000
5.000000
5.000000
5.000000
5.000000
5.000000
5.000000
5.000000
5.000000
5.000000
5.000000
5.000000
5.000000
5.000000
5.000000
5.000000
5.000000
5.000000
5.000000
5.000000
5.000000
5.000000
5.000000
5.000000
-0.263200
5.000000
4.473700
5.000000
5.000000
5.000000
5.000000
5.000000
5.000000
5.000000
5.000000
5.000000
4.473700
5.000000
-2.368400
0.789500
-5.000000
-3.421100
-5.000000
-5.000000
-5.000000
-5.000000
-5.000000
1.315800
5.000000
5.000000
2.894700
5.000000
5.000000
5.000000
5.000000
5.000000
-1.315800
3.421100
2.368400
-5.000000
5.000000
0.789500
3.947400
3.947400
5.000000
-0.263200
-2.368400
-5.000000
-5.000000
2.368400
5.000000
-0.263200
2.894700
2.894700
-1.842100
2.368400
0.263200
-0.263200
-2.368400
-0.789500
-5.000000
-2.894700
-5.000000
